蝦洗槌 01003 利大1萎 89 89 89 267
終釐 01004 利大1萎 89 89 79 257
虜爺麓 01005 利大1萎 89 89 89 267
藍郊埴 01006 利大1萎 79 73 89 241
吊浬袒 01011 利大1萎 72 89 89 250
明樗峯 01019 利大1萎 89 83 78 250
装薗薗 02003 利大2萎 89 80 89 258
伶咢碕 02004 利大2萎 89 80 89 258
俾蛙袒 02005 利大2萎 89 79 89 257
仍絹畔 02011 利大2萎 79 79 89 247
巓哦 02018 利大2萎 89 89 68 246
嵐木霜 02020 利大2萎 89 69 88 246
爽羨 02022 利大2萎 78 98 64 240
跡翅 02026 利大2萎 89 76 88 253
俯階洗 02028 利大2萎 98 68 89 255
仔肴臭 02030 利大2萎 89 89 89 267
先助蕃 03001 利大3萎 100 66 100 266
仍州銅 03002 利大3萎 60 86 100 246
藍畤 03003 利大3萎 89 89 89 267
咲仞吭 03004 利大3萎 89 89 89 267
牝啓 03005 利大3萎 89 89 84 262
个穂 03006 利大3萎 79 76 89 244
明嚴 03015 利大3萎 79 97 80 256
个楳 03019 利大3萎 89 87 78 254
僧掌鯖 03028 利大3萎 98 68 89 255
鮭寮琉 03030 利大3萎 89 89 89 267
嫖房嚴 04003 利大4萎 89 89 89 267
嫖賚蠖 04004 利大4萎 89 89 89 267
弥楳欧 04005 利大4萎 89 89 89 267
藍泌跡 04011 利大4萎 79 89 89 257
易淵準 04015 利大4萎 79 99 80 258
甑誹撹 04019 利大4萎 89 88 78 255
装劾剩 04020 利大4萎 89 89 88 266
鯖榮薫 04022 利大4萎 78 98 67 243
剋黹 04025 利大4萎 78 89 89 256
墳囁翆 04028 利大4萎 98 68 89 255
湧定 04030 利大4萎 89 89 89 267
蝦瀬 05004 利大5萎 89 89 69 247
幀呱 05019 利大5萎 89 78 78 245
屠認 05020 利大5萎 89 67 88 244
嫖冴 05021 利大5萎 89 97 56 242
嫖哂 05024 利大5萎 78 87 89 254
藍奏 05025 利大5萎 78 76 89 243
川圷 05028 利大5萎 98 68 89 255
凝胆槌 05030 利大5萎 89 89 89 267
