背翆翆 01001 利大1萎 10 100 100 210
甑募斯 01007 利大1萎 97 67 45 209
瀧今剰 01008 利大1萎 78 65 76 219
柾咲表 01009 利大1萎 79 63 70 212
鮭気気 01010 利大1萎 79 89 60 228
鮭慕肺 01012 利大1萎 78 75 45 198
絶床 01013 利大1萎 78 67 94 239
川州 01014 利大1萎 78 34 68 180
袈崗釈 01015 利大1萎 79 45 80 204
販剰剰 01016 利大1萎 78 76 78 232
採垈 01017 利大1萎 100 15 100 215
芦誹剰 01018 利大1萎 89 89 48 226
雰剰 01020 利大1萎 89 59 88 236
藍凩碕 01021 利大1萎 89 67 56 212
勁崗鶏 01022 利大1萎 78 88 67 233
伶派繋 01023 利大1萎 78 38 78 194
嫖范 01025 利大1萎 38 89 89 216
谷敢鯖 01026 利大1萎 89 46 58 193
藍洗羣 01027 利大1萎 78 67 56 201
奚乏 01028 利大1萎 98 68 59 225
衞囁徳 01029 利大1萎 89 68 78 235
奚杜洗 01031 利大1萎 68 99 57 224
果翆 02006 利大2萎 79 70 83 232
孱鴻蕃 02007 利大2萎 97 57 45 199
巓沚 02008 利大2萎 78 65 66 209
蛎弌凩 02009 利大2萎 79 87 70 236
供仞泌 02010 利大2萎 79 57 60 196
嫖捨 02012 利大2萎 78 78 65 221
川翆 02013 利大2萎 78 77 70 225
卜囁碕 02014 利大2萎 78 48 58 184
谷蛙麓 02015 利大2萎 79 49 80 208
噫富榊 02016 利大2萎 78 78 58 214
噫富鯖 02017 利大2萎 100 60 60 220
測声件 02019 利大2萎 89 48 78 215
嫖鴬 02021 利大2萎 89 67 76 232
採嚼丗 02023 利大2萎 73 78 78 229
幀碕凩 02024 利大2萎 78 67 89 234
川塋 02025 利大2萎 78 89 69 236
孕甥 02027 利大2萎 78 67 58 203
採遭楳 02029 利大2萎 89 68 78 235
柾翆 02031 利大2萎 68 57 57 182
採圷 03007 利大3萎 75 67 45 187
剋捨磔 03008 利大3萎 78 66 36 180
嫖煮羣 03009 利大3萎 79 67 70 216
藍飛桁 03010 利大3萎 79 79 60 218
藍気楳 03011 利大3萎 79 49 69 197
鮭今桁 03012 利大3萎 78 78 47 203
販再釐 03013 利大3萎 78 67 65 210
蝦僣 03014 利大3萎 78 68 67 213
孱梱 03016 利大3萎 78 77 78 233
僞洗槌 03018 利大3萎 89 69 48 206
袋咒 03020 利大3萎 89 89 58 236
蛎誹裏 03021 利大3萎 89 57 56 202
蛎叺蛤 03022 利大3萎 78 38 67 183
蛎房剩 03023 利大3萎 78 58 78 214
川爽實 03024 利大3萎 78 57 59 194
装啾 03025 利大3萎 78 89 69 236
巓崗高 03026 利大3萎 89 66 58 213
巓針摸 03027 利大3萎 78 67 58 203
瀧斯麓 03029 利大3萎 89 68 78 235
蛎渕猟 03031 利大3萎 68 57 57 182
掴剴 04006 利大4萎 79 70 89 238
仏禾將 04007 利大4萎 97 67 45 209
嫖寓惚 04008 利大4萎 78 65 76 219
嫖繰 04009 利大4萎 79 67 70 216
蛎捨槻 04010 利大4萎 79 89 60 228
跡裟 04012 利大4萎 78 78 45 201
販再釐 04013 利大4萎 78 67 90 235
判唱 04014 利大4萎 78 68 68 214
嫖蠹瀬 04016 利大4萎 78 78 78 234
果僥費 04018 利大4萎 89 89 48 226
藍佛嚴 04021 利大4萎 89 67 56 212
葡被僣 04023 利大4萎 78 78 78 234
柾房略 04024 利大4萎 78 57 89 224
跡翅 04026 利大4萎 89 76 58 223
孕甥 04027 利大4萎 78 67 58 203
川哘 04029 利大4萎 89 68 78 235
藍蟷撹 04031 利大4萎 68 57 57 182
嫖賠鯖 05001 利大5萎 60 40 100 200
个仟 05003 利大5萎 89 59 89 237
袋尅貎 05005 利大5萎 89 49 89 227
熱樗 05006 利大5萎 79 50 69 198
酷杣 05007 利大5萎 97 47 45 189
剋鮒范 05008 利大5萎 78 45 76 199
川囘猟 05009 利大5萎 79 67 50 196
牝佩蜷 05010 利大5萎 79 89 50 218
巓淅 05011 利大5萎 79 89 49 217
嫖弌爽 05012 利大5萎 78 68 45 191
剋早 05013 利大5萎 78 67 50 195
矛洗 05014 利大5萎 78 68 38 184
莫倫 05015 利大5萎 79 59 60 198
果苧彳 05016 利大5萎 78 65 78 221
蛎弌碕 05018 利大5萎 89 56 48 193
仍猟翆 05022 利大5萎 78 68 67 213
結茯槌 05023 利大5萎 78 68 78 224
濫今坿 05026 利大5萎 89 86 58 233
柾凰判 05027 利大5萎 78 67 58 203
瀧気気 05029 利大5萎 89 68 78 235
孕擦爽 05031 利大5萎 68 57 57 182
