01001 1234
01002 1234
01003 1234
01004 1234
01005 1234
01006 1234
01007 1234
01008 1234
01009 1234
01010 1234
01011 1234
01012 1234
01013 1234
01014 1234
01015 1234
01016 1234
01017 1234
01018 1234
01019 1234
01020 1234
01021 1234
01022 1234
01023 1234
01024 1234
01025 1234
01026 1234
01027 1234
01028 1234
01029 1234
01030 1234
01031 1234
02001 1234
02002 1234
02003 1234
02004 1234
02005 1234
02006 1234
02007 1234
02008 1234
02009 1234
02010 1234
02011 1234
02012 1234
02013 1234
02014 1234
02015 1234
02016 1234
02017 1234
02018 1234
02019 1234
02020 1234
02021 1234
02022 1234
02023 1234
02024 1234
02025 1234
02026 1234
02027 1234
02028 1234
02029 1234
02030 1234
02031 1234
