孵磐磐 01002 利大1萎 100 10 34 144 1
採垈 01017 利大1萎 100 15 100 215 2
藍莢 02002 利大2萎 100 70 100 270 3
噫富鯖 02017 利大2萎 100 60 60 220 4
先助蕃 03001 利大3萎 100 66 100 266 5
嫖切 04001 利大4萎 100 100 100 300 6
川矢叫 04002 利大4萎 100 100 100 300 7
才慕穫 04017 利大4萎 100 100 100 300 8
桔逼 05002 利大5萎 100 70 100 270 9
奚乏 01028 利大1萎 98 68 59 225 10
俯階洗 02028 利大2萎 98 68 89 255 11
僧掌鯖 03028 利大3萎 98 68 89 255 12
墳囁翆 04028 利大4萎 98 68 89 255 13
川圷 05028 利大5萎 98 68 89 255 14
甑募斯 01007 利大1萎 97 67 45 209 15
孱鴻蕃 02007 利大2萎 97 57 45 199 16
仏禾將 04007 利大4萎 97 67 45 209 17
酷杣 05007 利大5萎 97 47 45 189 18
蝦洗槌 01003 利大1萎 89 89 89 267 19
終釐 01004 利大1萎 89 89 79 257 20
虜爺麓 01005 利大1萎 89 89 89 267 21
芦誹剰 01018 利大1萎 89 89 48 226 22
明樗峯 01019 利大1萎 89 83 78 250 23
雰剰 01020 利大1萎 89 59 88 236 24
藍凩碕 01021 利大1萎 89 67 56 212 25
谷敢鯖 01026 利大1萎 89 46 58 193 26
衞囁徳 01029 利大1萎 89 68 78 235 27
桃囁爽 01030 利大1萎 89 89 100 278 28
装薗薗 02003 利大2萎 89 80 89 258 29
伶咢碕 02004 利大2萎 89 80 89 258 30
俾蛙袒 02005 利大2萎 89 79 89 257 31
巓哦 02018 利大2萎 89 89 68 246 32
測声件 02019 利大2萎 89 48 78 215 33
嵐木霜 02020 利大2萎 89 69 88 246 34
嫖鴬 02021 利大2萎 89 67 76 232 35
跡翅 02026 利大2萎 89 76 88 253 36
採遭楳 02029 利大2萎 89 68 78 235 37
仔肴臭 02030 利大2萎 89 89 89 267 38
藍畤 03003 利大3萎 89 89 89 267 39
咲仞吭 03004 利大3萎 89 89 89 267 40
牝啓 03005 利大3萎 89 89 84 262 41
僞洗槌 03018 利大3萎 89 69 48 206 42
个楳 03019 利大3萎 89 87 78 254 43
袋咒 03020 利大3萎 89 89 58 236 44
蛎誹裏 03021 利大3萎 89 57 56 202 45
巓崗高 03026 利大3萎 89 66 58 213 46
瀧斯麓 03029 利大3萎 89 68 78 235 47
鮭寮琉 03030 利大3萎 89 89 89 267 48
嫖房嚴 04003 利大4萎 89 89 89 267 49
嫖賚蠖 04004 利大4萎 89 89 89 267 50
弥楳欧 04005 利大4萎 89 89 89 267 51
果僥費 04018 利大4萎 89 89 48 226 52
甑誹撹 04019 利大4萎 89 88 78 255 53
装劾剩 04020 利大4萎 89 89 88 266 54
藍佛嚴 04021 利大4萎 89 67 56 212 55
跡翅 04026 利大4萎 89 76 58 223 56
川哘 04029 利大4萎 89 68 78 235 57
湧定 04030 利大4萎 89 89 89 267 58
个仟 05003 利大5萎 89 59 89 237 59
蝦瀬 05004 利大5萎 89 89 69 247 60
袋尅貎 05005 利大5萎 89 49 89 227 61
蛎弌碕 05018 利大5萎 89 56 48 193 62
幀呱 05019 利大5萎 89 78 78 245 63
屠認 05020 利大5萎 89 67 88 244 64
嫖冴 05021 利大5萎 89 97 56 242 65
濫今坿 05026 利大5萎 89 86 58 233 66
瀧気気 05029 利大5萎 89 68 78 235 67
凝胆槌 05030 利大5萎 89 89 89 267 68
藍郊埴 01006 利大1萎 79 73 89 241 69
柾咲表 01009 利大1萎 79 63 70 212 70
鮭気気 01010 利大1萎 79 89 60 228 71
袈崗釈 01015 利大1萎 79 45 80 204 72
果翆 02006 利大2萎 79 70 83 232 73
蛎弌凩 02009 利大2萎 79 87 70 236 74
供仞泌 02010 利大2萎 79 57 60 196 75
仍絹畔 02011 利大2萎 79 79 89 247 76
谷蛙麓 02015 利大2萎 79 49 80 208 77
个穂 03006 利大3萎 79 76 89 244 78
嫖煮羣 03009 利大3萎 79 67 70 216 79
藍飛桁 03010 利大3萎 79 79 60 218 80
藍気楳 03011 利大3萎 79 49 69 197 81
明嚴 03015 利大3萎 79 97 80 256 82
掴剴 04006 利大4萎 79 70 89 238 83
嫖繰 04009 利大4萎 79 67 70 216 84
蛎捨槻 04010 利大4萎 79 89 60 228 85
藍泌跡 04011 利大4萎 79 89 89 257 86
易淵準 04015 利大4萎 79 99 80 258 87
熱樗 05006 利大5萎 79 50 69 198 88
川囘猟 05009 利大5萎 79 67 50 196 89
牝佩蜷 05010 利大5萎 79 89 50 218 90
巓淅 05011 利大5萎 79 89 49 217 91
莫倫 05015 利大5萎 79 59 60 198 92
瀧今剰 01008 利大1萎 78 65 76 219 93
鮭慕肺 01012 利大1萎 78 75 45 198 94
絶床 01013 利大1萎 78 67 94 239 95
川州 01014 利大1萎 78 34 68 180 96
販剰剰 01016 利大1萎 78 76 78 232 97
勁崗鶏 01022 利大1萎 78 88 67 233 98
伶派繋 01023 利大1萎 78 38 78 194 99
蛎朝 01024 利大1萎 78 57 29 164 100
藍洗羣 01027 利大1萎 78 67 56 201 101
巓沚 02008 利大2萎 78 65 66 209 102
嫖捨 02012 利大2萎 78 78 65 221 103
川翆 02013 利大2萎 78 77 70 225 104
卜囁碕 02014 利大2萎 78 48 58 184 105
噫富榊 02016 利大2萎 78 78 58 214 106
爽羨 02022 利大2萎 78 98 64 240 107
幀碕凩 02024 利大2萎 78 67 89 234 108
川塋 02025 利大2萎 78 89 69 236 109
孕甥 02027 利大2萎 78 67 58 203 110
剋捨磔 03008 利大3萎 78 66 36 180 111
鮭今桁 03012 利大3萎 78 78 47 203 112
販再釐 03013 利大3萎 78 67 65 210 113
蝦僣 03014 利大3萎 78 68 67 213 114
孱梱 03016 利大3萎 78 77 78 233 115
蛎叺蛤 03022 利大3萎 78 38 67 183 116
蛎房剩 03023 利大3萎 78 58 78 214 117
川爽實 03024 利大3萎 78 57 59 194 118
装啾 03025 利大3萎 78 89 69 236 119
巓針摸 03027 利大3萎 78 67 58 203 120
嫖寓惚 04008 利大4萎 78 65 76 219 121
跡裟 04012 利大4萎 78 78 45 201 122
販再釐 04013 利大4萎 78 67 90 235 123
判唱 04014 利大4萎 78 68 68 214 124
嫖蠹瀬 04016 利大4萎 78 78 78 234 125
鯖榮薫 04022 利大4萎 78 98 67 243 126
葡被僣 04023 利大4萎 78 78 78 234 127
柾房略 04024 利大4萎 78 57 89 224 128
剋黹 04025 利大4萎 78 89 89 256 129
孕甥 04027 利大4萎 78 67 58 203 130
剋鮒范 05008 利大5萎 78 45 76 199 131
嫖弌爽 05012 利大5萎 78 68 45 191 132
剋早 05013 利大5萎 78 67 50 195 133
矛洗 05014 利大5萎 78 68 38 184 134
果苧彳 05016 利大5萎 78 65 78 221 135
仍猟翆 05022 利大5萎 78 68 67 213 136
結茯槌 05023 利大5萎 78 68 78 224 137
嫖哂 05024 利大5萎 78 87 89 254 138
藍奏 05025 利大5萎 78 76 89 243 139
柾凰判 05027 利大5萎 78 67 58 203 140
採圷 03007 利大3萎 75 67 45 187 141
採嚼丗 02023 利大2萎 73 78 78 229 142
吊浬袒 01011 利大1萎 72 89 89 250 143
奚杜洗 01031 利大1萎 68 99 57 224 144
柾翆 02031 利大2萎 68 57 57 182 145
蛎渕猟 03031 利大3萎 68 57 57 182 146
藍蟷撹 04031 利大4萎 68 57 57 182 147
孕擦爽 05031 利大5萎 68 57 57 182 148
仍州銅 03002 利大3萎 60 86 100 246 149
先苧 03017 利大3萎 60 50 50 160 150
嫖賠鯖 05001 利大5萎 60 40 100 200 151
僞傘樗 05017 利大5萎 45 45 64 154 152
嫖范 01025 利大1萎 38 89 89 216 153
背翆翆 01001 利大1萎 10 100 100 210 154
